291
91 413
8 127
355 184
246 585
154 857
252 954
309 655
358 645
267 254
474 290
347 562
405 67
201 223
256 911
119 388
470 623
123 653
493 874
132 375
18 5
439 927
322 367
134 892
409 811
479 874
273 439
161 457
182 264
116 429
32 790
52 961
302 851
9 618
403 485
465 524
161 587
107 605
432 760
388 985
115 347
347 790
192 211
448 544
58 962
189 710
280 508
89 683
259 474
30 923
438 320
111 73
261 852
388 917
217 326
66 190
281 123
28 835
88 660
79 517
355 944
241 421
33 25
198 478
456 545
450 854
405 502
145 319
495 972
286 919
423 806
294 822
273 904
220 829
49 926
380 477
87 969
376 544
139 931
49 8
410 493
307 751
391 920
40 739
139 616
430 591
150 998
428 637
315 887
44 319
222 727
353 698
250 933
487 933
446 446
248 258
205 606
39 24
472 813
419 978
78 305
156 652
36 284
480 100
289 461
224 523
120 967
405 980
437 183
55 24
178 994
102 812
463 998
499 652
496 90
196 655
256 524
422 575
224 647
487 658
110 207
208 125
311 737
239 17
344 913
287 764
104 768
215 83
279 667
464 770
423 71
458 858
205 957
299 863
458 525
118 333
325 285
455 340
39 17
35 214
146 787
194 517
455 656
11 567
308 928
122 839
407 668
400 583
349 463
15 496
415 66
384 5
16 22
156 244
406 654
60 116
271 726
34 155
386 801
189 196
96 45
419 841
403 513
43 274
295 978
495 879
440 832
312 707
408 250
385 810
414 538
313 519
42 293
316 395
477 490
224 613
242 746
91 360
438 550
281 303
350 950
248 960
300 372
459 709
286 861
122 31
111 172
429 941
233 290
92 465
30 658
89 232
283 883
458 911
215 653
453 506
116 546
446 694
393 556
477 604
375 891
356 570
132 103
115 974
124 14
363 586
120 235
61 6
347 536
394 54
377 928
456 656
4 625
316 54
458 55
320 53
344 267
58 1
326 571
212 435
214 76
398 788
99 262
135 176
157 591
26 138
184 140
40 128
112 837
321 795
115 300
472 517
388 290
77 882
377 886
353 936
335 641
77 543
380 359
454 646
194 221
213 706
393 666
35 288
389 217
28 111
146 695
422 588
362 890
304 764
363 602
340 876
101 738
301 434
279 789
153 95
125 315
331 532
360 567
228 550
357 703
417 516
304 479
458 780
474 578
341 400
478 735
289 249
426 717
476 955
84 629
89 539
270 394
185 491
351 67
309 514
40 383
12 8
394 526
143 108
102 885
88 19
490 603
458 664
146 780
467 957
262 211
207 26
4 937
376 979
491 966
116 419
