11069
11094
11492
10042
11264
11221
193
11695
11517
11284
793
10107
11057
403
11849
452
334
382
10337
11060
10341
11380
11906
11634
104
11728
872
10140
11947
11799
10338
11401
10137
11889
11463
10819
11107
1047
516
11371
11955
927
10192
10312
10171
10285
422
11310
924
1062
10102
10945
10635
696
10616
11138
10689
12032
573
10176
12192
583
10541
11100
907
10680
10110
11340
10350
11283
12247
12210
10010
10219
11878
1225
763
11357
12160
10141
10179
11080
10408
10161
11292
324
12036
10459
10252
10805
608
10258
11231
11566
10646
10369
489
10721
11487
10906
10751
11827
494
10660
278
10284
11258
10268
10656
374
11503
10233
11565
443
820
11101
941
10393
12405
599
11506
616
11176
10111
575
11136
623
1203
11034
12442
264
416
11504
315
10306
11790
10827
902
579
10855
11988
10773
11718
10596
12356
10954
10854
11159
11053
11747
294
11254
978
11452
11228
821
10334
11631
11056
10443
10567
11385
514
10755
11995
10800
10407
10298
10813
1056
701
991
584
11413
10913
10507
11278
10394
10920
11572
11459
988
161
10901
156
10653
11489
10851
526
10203
11203
12085
10172
216
11389
10878
10401
735
732
637
10586
12060
11957
10765
11553
10349
108
11926
10139
488
10557
11236
11727
11456
10004
11344
11526
498
10943
350
11475
11507
11396
429
10673
10007
11512
454
558
11466
10895
10090
11235
760
524
11130
10048
1061
10600
10346
10182
10940
10812
10114
11157
543
10718
12125
11723
10784
796
11559
11697
10990
554
11581
11538
11951
11991
1103
10054
11311
11838
10038
556
622
11933
11576
1112
10496
183
11953
10801
1262
462
11048
314
10264
644
10976
481
377
357
325
929
12047
10738
11242
247
10104
10986
10058
12155
10226
10305
10212
441
401
195
10491
10916
10699
11831
11875
11847
146
11022
11167
11151
893
10449
11286
11291
10189
12004
10892
10931
10759
259
12455
11597

